,vix,realized,blend,credit,ma200,tsmom12
vix,1.0,0.9781,0.9933,0.7893,0.8017,0.8313
realized,0.9781,1.0,0.9925,0.8091,0.8175,0.8423
blend,0.9933,0.9925,1.0,0.8033,0.8153,0.8414
credit,0.7893,0.8091,0.8033,1.0,0.7786,0.6994
ma200,0.8017,0.8175,0.8153,0.7786,1.0,0.8256
tsmom12,0.8313,0.8423,0.8414,0.6994,0.8256,1.0
