,vix,realized,blend,credit,ma200,tsmom12
vix,1.0,0.9545,0.9896,0.8779,0.8682,0.7788
realized,0.9545,1.0,0.9835,0.8792,0.8852,0.8057
blend,0.9896,0.9835,1.0,0.886,0.8847,0.7997
credit,0.8779,0.8792,0.886,1.0,0.8466,0.7196
ma200,0.8682,0.8852,0.8847,0.8466,1.0,0.8353
tsmom12,0.7788,0.8057,0.7997,0.7196,0.8353,1.0
