,vix,realized,blend,credit,ma200,tsmom12
vix,1.0,0.9324,0.9805,0.7201,0.8044,0.6948
realized,0.9324,1.0,0.9766,0.7462,0.8125,0.7147
blend,0.9805,0.9766,1.0,0.7412,0.8189,0.715
credit,0.7201,0.7462,0.7412,1.0,0.725,0.5547
ma200,0.8044,0.8125,0.8189,0.725,1.0,0.7626
tsmom12,0.6948,0.7147,0.715,0.5547,0.7626,1.0
